0.00761967717747346
0.001646177828643593
0.002259116381861952
0.0033384802083744427
0.012392458265914204
0.002132335530210348
0.002273175737006196
0.005880756935948537
0.006072161490192983
0.00012998737124590552
0.0011499072575871187
0.00396498480603023
0.002820750621571491
0.0065047949800702476
0.007304698291171712
0.0015721812226212558
6.117052764513201e-05
0.005248085954457556
0.006382700580133391
0.009326778878408777
0.002905846718497178
0.0009550495283949643
0.0020435396029835433
0.00010408855913808754
0.0023136272149650735
6.733691148032677e-05
0.0001766052330399779
0.00014034689608903272
0.00016969888314455976
8.040964521093966e-05
5.8703974111054105e-05
4.809779391451912e-05
8.928923793362012e-05
0.00018252496152176487
0.0012650953076285567
1.5785942618098582e-05
2.2938947866924503e-05
2.4912190694186825e-05
8.97825486404357e-05
7.498322743596828e-05
6.93101543075891e-05
0.00021138363787047635
7.399660602233711e-07
5.8457318757646315e-05
0.00013689372114132365
0.00037294289435257905
8.139626662457082e-06
6.413039188602549e-06
0.00016599905284344293
2.4665535340779034e-07
6.043056158490864e-05
0.0
